00001
00010
00012
00014
00019
00020
00023
00024
00025
00026
00027
00029
00030
00031
00032
00033
00034
00035
00036
00037
00038
00039
00041
00042
00046
00048
00049
00051
00052
00055
00056
00057
00058
00059
00060
00063
00065
00067
00069
00070
00071
00074
00075
00076
00077
00078
00079
00080
00081
00082
00084
00085
00086
00087
00088
00089
00090
00092
00094
00095
00096
00099
00100
00101
00102
00104
00107
00109
00110
00111
00112
00113
00114
00115
00116
00117
00118
00119
00120
00122
00123
00125
00127
00128
00130
00131
00132
00133
00136
00139
00141
00144
00145
00147
00151
00152
00153
00154
00158
00159
00160
00161
00163
00164
00165
00167
00168
00169
00171
00172
00175
00176
00177
00179
00181
00183
00187
00189
00192
00193
00194
00196
00197
00203
00204
00205
00210
00211
00212
00214
00215
00216
00219
00220
00221
00222
00223
00226
00227
00228
00230
00231
00232
00233
00235
00236
00237
00239
00240
00241
00242
00244
00245
00247
00250
00253
00254
00256
00257
00258
00260
00262
00263
00264
00265
00266
00269
00270
00271
00272
00274
00276
00277
00279
00281
00285
00286
00287
00289
00290
00291
00292
00294
00296
00297
00298
00300
00303
00304
00306
00307
00311
00313
00314
00315
00318
00319
00320
00321
00323
00324
00326
00327
00328
00329
00331
00334
00335
00337
00339
00340
00342
00344
00346
00349
00351
00354
00355
00356
00359
00360
00361
00366
00369
00370
00371
00372
00373
00375
00376
00380
00381
00382
00383
00384
00385
00386
00387
00388
00390
00391
00393
00395
00396
00398
00399
00402
00403
00404
00406
00409
00410
00411
00412
00413
00414
00418
00419
00420
00421
00422
00423
00427
00428
00429
00430
00436
00440
00441
00445
00446
00447
00450
00454
00456
00457
00459
00460
00462
00463
00464
00466
00467
00469
00470
00471
00474
00479
00483
00484
00487
00489
00491
00493
00494
00495
00496
00498
00499
00500
00501
00502
00503
00505
00506
00507
00508
00509
00512
00513
00515
00516
00519
00520
00522
00524
00525
00527
00530
00532
00538
00541
00544
00545
00547
00552
00556
00557
00560
00562
00563
00564
00566
00568
00570
00572
00573
00574
00575
00576
00578
00579
00580
00581
00582
00583
00589
00591
00594
00595
00596
00598
00599
00600
00603
00604
00608
00609
00610
00611
00612
00613
00614
00615
00616
00617
00618
00619
00620
00621
00622
00623
00624
00625
00626
00627
00628
00629
00630
00631
00632
00633
00634
00635
00637
00638
00639
00640
00641
00642
00644
00645
00646
00650
00652
00654
00655
00656
00657
00658
00660
00661
00662
00663
00664
00665
00669
00671
00672
00674
00675
00676
00678
00679
00680
00681
00682
00683
00684
00685
00686
00687
00688
00721
00797
00800
00801
00802
00803
00804
00805
00806
00807
00808
00810
00812
00813
00814
00818
00819
00821
00822
00824
00825
00826
00827
00828
00834
00835
00836
00837
00838
00839
00840
00842
00844
00849
00853
00859
00862
00863
00865
00870
00871
00872
00875
00876
00877
00878
00879
00885
00886
00888
00889
00890
00892
00900
00901
00902
00903
00904
00905
00906
00907
00908
00909
00910
00911
00912
00992
00997
00998
00999
02005
02007
02010
02011
02012
02013
02016
02017
02018
02019
02020
02021
02022
02024
02025
02026
02027
02029
02030
02031
02032
02034
02035
02036
02037
02038
02039
02040
02041
02042
02046
02047
02048
02050
02051
02052
02053
02054
02055
02056
02057
02058
02061
02062
02063
02065
02067
02068
02069
02072
02074
02076
02077
02078
02080
02081
02082
02083
02084
02085
02087
02088
02089
02090
02091
02092
02093
02094
02095
02096
02097
02098
02099
02100
02101
02102
02105
02106
02107
02108
02109
02110
02111
02112
02113
02114
02115
02116
02117
02118
02119
02120
02121
02122
02123
02124
02125
02126
02127
02128
02129
02130
02131
02132
02133
02134
02135
02137
02138
02139
02140
02141
02142
02143
02144
02146
02147
02148
02149
02150
02151
02152
02154
02913
02928
02937
03004
03013
03021
03022
03023
03025
03026
03028
03031
03035
03038
03039
03041
03043
08990
08992
08993
50016
50019
50020
50021
50022
50023
50024
50025
50026
50027
50028
50029
50030
50031
50032
50033
50034
50036
50037
50038
50039
50040
50041
50042
50043
50044
50045
50047
50048
50049
50050
50051
50052
50053
50054
50055
50056
50057
50058
50059
50060
50061
50062
50063
50064
50065
50066
50067
50068
50069
50070
50071
50072
50073
50074
50075
50076
50078
50079
50080
50081
50082
50083
50084
50085
50088
50089
50090
50091
50092
50093
50094
50095
50097
50098
50099
50100
50101
50102
50103
50104
50105
50106
50107
50108
50109
50110
50111
50112
50113
50114
50116
50117
50118
50119
50121
50122
50123
53001
53002

