00001
00006
00008
00009
00010
00012
00013
00014
00019
00020
00023
00024
00025
00026
00027
00029
00030
00031
00032
00033
00034
00035
00036
00037
00038
00039
00041
00042
00046
00048
00049
00051
00052
00053
00055
00056
00057
00058
00059
00060
00062
00063
00065
00066
00067
00069
00070
00071
00073
00074
00075
00076
00077
00078
00079
00080
00081
00082
00084
00085
00086
00087
00088
00089
00090
00092
00093
00094
00095
00096
00099
00100
00101
00102
00103
00104
00105
00107
00109
00110
00111
00112
00113
00114
00115
00116
00117
00118
00119
00120
00122
00123
00124
00125
00127
00128
00129
00130
00131
00132
00133
00134
00136
00139
00141
00144
00145
00147
00148
00151
00152
00153
00154
00156
00158
00159
00160
00161
00163
00164
00165
00167
00168
00169
00170
00171
00172
00175
00176
00177
00179
00180
00181
00183
00187
00189
00192
00193
00194
00195
00196
00197
00201
00203
00204
00205
00209
00210
00211
00212
00214
00215
00216
00217
00219
00220
00221
00222
00223
00225
00226
00227
00228
00229
00230
00231
00232
00233
00234
00235
00236
00237
00238
00239
00240
00241
00242
00244
00245
00246
00247
00250
00253
00254
00256
00257
00258
00259
00260
00262
00263
00264
00265
00266
00267
00268
00269
00270
00271
00272
00274
00276
00277
00279
00281
00285
00286
00287
00289
00290
00291
00292
00294
00296
00297
00298
00300
00301
00303
00304
00306
00307
00308
00311
00313
00314
00315
00318
00319
00320
00321
00323
00324
00326
00327
00328
00329
00330
00331
00334
00335
00336
00337
00339
00340
00342
00343
00344
00346
00349
00351
00354
00355
00356
00359
00360
00361
00366
00369
00370
00371
00372
00373
00375
00376
00378
00380
00381
00382
00383
00384
00385
00386
00387
00388
00390
00391
00393
00395
00396
00398
00399
00402
00403
00404
00406
00409
00410
00411
00412
00413
00414
00418
00419
00420
00421
00422
00423
00424
00427
00428
00429
00430
00436
00440
00441
00445
00446
00447
00450
00454
00456
00457
00459
00460
00462
00463
00464
00466
00467
00469
00470
00471
00474
00479
00483
00484
00485
00486
00487
00489
00491
00493
00494
00495
00496
00498
00499
00500
00501
00502
00503
00505
00506
00507
00508
00509
00512
00513
00515
00516
00519
00520
00521
00522
00524
00525
00527
00530
00532
00538
00541
00544
00545
00547
00550
00552
00556
00557
00560
00562
00563
00564
00566
00568
00570
00572
00573
00574
00575
00576
00578
00579
00580
00581
00582
00583
00588
00589
00591
00594
00595
00596
00598
00599
00600
00602
00603
00604
00605
00607
00608
00609
00610
00611
00612
00613
00614
00615
00616
00617
00618
00619
00620
00621
00622
00623
00624
00625
00626
00627
00628
00629
00630
00631
00632
00633
00634
00635
00637
00638
00639
00640
00641
00642
00643
00644
00645
00646
00647
00648
00649
00650
00652
00653
00654
00655
00656
00657
00658
00659
00660
00661
00662
00663
00664
00665
00667
00669
00670
00671
00672
00673
00674
00675
00676
00677
00678
00679
00680
00681
00682
00683
00684
00685
00686
00687
00688
00721
00742
00749
00797
00800
00801
00802
00803
00804
00805
00806
00807
00808
00809
00810
00812
00813
00814
00818
00819
00821
00822
00824
00825
00826
00827
00828
00829
00830
00834
00835
00836
00837
00838
00839
00840
00842
00844
00846
00847
00849
00853
00859
00862
00863
00865
00870
00871
00872
00875
00876
00877
00878
00879
00885
00886
00888
00889
00890
00892
00900
00901
00902
00903
00904
00905
00906
00907
00908
00909
00992
00997
00998
00999
02005
02007
02010
02011
02012
02013
02014
02016
02017
02018
02019
02020
02021
02022
02024
02025
02026
02027
02029
02030
02031
02032
02033
02034
02035
02036
02037
02038
02039
02040
02041
02042
02046
02047
02048
02050
02051
02052
02053
02054
02055
02056
02057
02058
02061
02062
02063
02065
02067
02068
02069
02070
02071
02072
02073
02074
02075
02076
02077
02078
02079
02080
02081
02082
02083
02084
02085
02086
02087
02088
02089
02090
02091
02092
02093
02094
02095
02096
02097
02098
02099
02100
02101
02102
02103
02105
02106
02107
02108
02109
02110
02111
02112
02113
02114
02115
02116
02117
02118
02119
02120
02121
02122
02123
02124
02125
02126
02127
02128
02129
02130
02131
02132
02133
02134
02135
02137
02138
02139
02140
02141
02142
02143
02144
02146
02147
02148
02149
02150
02151
02152
02153
02154
02155
02913
02925
02928
02930
02931
02932
02937
02938
02941
02942
02950
02951
02952
02953
03004
03005
03006
03012
03013
03014
03016
03017
03020
03021
03022
03023
03024
03025
03026
03028
03030
03031
03033
03034
03035
03036
03037
03038
03039
03041
03042
03043
03961
05019
08799
08990
50016
50019
50020
50021
50022
50023
50024
50025
50026
50027
50028
50030
50031
50032
50033
50034
50036
50037
50038
50039
50040
50041
50042
50043
50044
50045
50047
50048
50049
50050
50051
50052
50053
50054
50055
50056
50057
50058
50059
50060
50061
50062
50063
50064
50065
50066
50067
50068
50069
50070
50071
50072
50073
50074
50075
50076
50078
50079
50080
50081
50082
50083
50084
50085
50088
50089
50090
50091
50092
50093
50094
50095
50097
50098
50099
50100
50101
50102
50103
50104
50105
50106
50107
50108
50109
50110
50111
50112
50113
50114
50116
50117
50118
50119
50121
50122
50123
53001
53002
60020
60022
60023
60025
60026
60027
60028
60029
60030
60031
60032
60033
60034
60035
60036
60037
60038
60039
60040
60041
60042
60043
60044
60045
60046
60048
60049
60050
60051
60052
60053
60055
60056
60057
60058
60060
60061
60062
60063
60064
60065
60066
60067
60068
60069
60070
60071
60072
60073
60074
60075
60076
60077
60078
60079
60080
60081
60082
60083
60084
60085
60086
60087
60088
60089
60090
60091
60092
60093
60094
60095
60096
60097
60098
60099
60100
60102
60103
60104
60105
60106
60107
60108
60109
60110
60111
60112
60113
60114
60115
60116
60117
60118
60119
60120
60121
60123
60124
60125
60126
60127
60128
60130
60131
60133
60134
60135
60136
60137
60138
60139
60140
60141
60142
60143
60144
60145
60146
60147
60148
60149
60150
60151
60152
60153
60154
60155
60156
60157
60158
60159
60160
60161
60162
60163
60164
60165
60166
60167
60168
60169
60170
60171
60172
60173
60174
60175
60176
60177
60178
60180
60181
60182
60183
60184
60185
60186
60187
60188
60189
60190
60191
60192
60193
60194
60195
60196
60198
60199
60200
60201
60202
60203
60204
60205
60206
60207
60208
60209
60210
60211
60212
60213
60214
60215
60216
60217
60218
60219
60220
60221
60223
60224
60225
60226
60227
60228
60229
60230
60231
60232
60233
60234
60235
60237
60238
60239
60240
60241
60242
60243
60244
60245
60246
60247
60248
60249
60250
60251
60252
60253
60254
60255
60257
60258
60260
60261
60262
60263
60264
60265
60266
60267
60269
60270
60271
60272
60273
60274
60277
60278
60279
60280
60281
60282
60283
60284
60286
60287
60288
60289
60290
60291
60292
60293
60294
60295
60296
60297
60298
60299
60301
60302
60303
60304
60305
60306
60307
60308
60309
60310
60311
60312
60313
60314
60315
60316
60317
60318
60319
60320
60321
60322
60323
60324
60325
60326
60329
60330
60331
60332
60333
60334
60335
60337
60338
60339
60340
60341
60342
60343
60345
60346
60347
60348
60350
60351
60352
60353
60354
60355
60357
60358
60359
60360
60361
60362
60365
60366
60367
60368
60369
60370
60371
60372
60373
60374
60375
60376
60377
60378
60379
60380
60381
60382
60383
60384
60386
60387
60388
60389
60390
60391
60392
60393
60394
60395
60396
60397
60399
60400
60401
60403
60404
60405
60406
60407
60408
60409
60410
60411
60412
60413
60414
60415
60416
60417
60418
60419
60420
60421
60422
60423
60424
60425
60426
60427
60429
60430
60431
60432
60433
60434
60435
60436
60437
60438
60439
60440
60441
60442
60443
60444
60445
60446
60447
60448
60449
60450
60451
60452
60453
60454
60455
60456
60457
60458
60459
60460
60461
60462
60463
60464
60465
60466
60468
60469
60470
60471
60472
60473
60474
60476
60477
60478
60479
60480
60481
60482
60483
60485
60486
60487
60488
60489
60490
60491
60492
60493
60494
60495
60496
60497
60498
60499
60500
60501
60503
60505
60506
60507
60508
60509
60511
60512
60514
60516
60518
60519
60520
60522
60523
60524
60526
60528
60533
60535
60536
60538
60540
60541
60542
60543
60544
60545
60546
60548
60550
60551
60554
60555
60557
60558
60559
60560
60561
60562
60565
60566
60567
60569
60570
60571
60574
60577
60578
60579
60581
60583
60584
60586
60587
60588
60589
60590
60591
60592
60593
60594
60596
60597
60598
60601
60602
60604
60605
60607
60608
60610
60611
60612
60613
60614
60615
60616
60618
60619
60620
60621
60622
60623
60624
60625
60626
60627
60628
60629
60631
60632
60633
60634
60635
60636
60637
60638
60639
60640
60642
60643
60645
60646
60647
60648
60649
60650
60651
60653
60655
60656
60657
60658
60659
60660
60661
60662
60665
60667
60668
60669
60670
60671
60672
60673
60674
60675
60676
60677
60678
65001
65002
65003
65004
65005
65006
65007
65008
65009
65010
65011
65012
65013
65014
65015
65016
65017
65018
65019
65020
65021
65022
65023
65024
65025
65026
65027
65028
65029
65030
65031
65032
65033
65034
65035
65036
65037
65038
65039
65041
65042
65043
65044
65045
65046
65047
65048
65049
65050
65051
65052
65053
65054
65055
65056
65057
65058
65059
65060
65061
65062
65063
65064
65065
65066
65067
65068
65069
65070
65071
65072
65073
65074
65075
65076
65077
65078
65079
65080
65081
65082
65083
65084
65085
65086
65087
65088
65089
65090
65091
65092
65093
65094
65095
65096
65097
65098
65099
65100
65101
65102
65103
65104
65105
65106
65107
65108
65109
65110
65111
65112
65113
65114
65115
65116
65117
65118
65119
65120
65121
65122
65123
65124
65125
65126
65127
65128
65129
65130
65131
65132
65133
65134
65135
65136
65137
65138
65139
65140
65141
65142
65143
65144
65145
65147
65148
65149
65150
65151
65152
65153
65154
65155
65156
65157
65158
65159
65160
65161
65162
65163
65164
65165
65166
65167
65168
65169
65170
65171
65172
65173
65174
65175
65176
65177
65179
65180
65181
65182
65183
65184
65185
65186
65187
65188
65189
65190
65191
65192
65193
65194
65195
65196
65197
65198
65199
65200
65201
65202
65203
65204
65205
65206
65207
65208
65209
65210
65211
65212
65213
65214
65215
65216
65217
65218
65219
65220
65221
65222
65223
65224
65225
65226
65227
65228
65229
65230
65231
65232
65233
65234
65235
65236
65237
65238
65239
65240
65241
65242
65243
65244
65245
65246
65247
65248
65249
65250
65251
65252
65253
65254
65255
65256
65257
65258
65259
65260
65261
65262
65263
65264
65265
65266
65267
65268
65269
65271
65272
65274
65275
65276
65277
65278
65279
65280
68501
68502
68503
68504
68505
68506
68507
68508
68509
68510
68511
68512
68513
68514
68515
68516
68517
68518
68519
68520
68521
68522
68523
68524
68525
68526
68527
68528
68529
68530
68531
68532
68533
68534
68535
68536
68537
68538
68539
68540
71001
71002
71003
71004
71005
71006
71007
71008
71009
71011
71012
71013
71014
71015
71016
71017
71018
71019
71020
71021
71022
71023
71024
71025
71026
71027
71029
71030
71031
71032
71033
71034
71035
71036
71037
71038
71039
71040
71041
71042
71043
71044
71045
71046
71047
71048
71049
71050
71051
71052
71055
71056
71057
71058
71059
71060
71062
71063
71064
71065
71066
71067
71068
71069
71070
71071
71072
71073
71074
71076
71077
71078
71079
71083
71084
72991
72992
72993

